NAT Pattern Analysis Results
===========================

Timestamp: 1757800330
Measurements: 25
Target: 74.125.250.129:19302

Port Sequence:
20215,18689,20763,20145,20959,17992,21332,18004,18848,18418,18578,20861,20464,18619,17798,19891,
18318,21063,19748,20637,17732,19511,19158,20487,19336

Raw Data (port timestamp_us sequence_number):
20215 1757800330275379 0
18689 1757800330275399 1
20763 1757800330275720 2
20145 1757800330275727 3
20959 1757800330275730 4
17992 1757800330275731 5
21332 1757800330275733 6
18004 1757800330275735 7
18848 1757800330275737 8
18418 1757800330275739 9
18578 1757800330275745 10
20861 1757800330275747 11
20464 1757800330275749 12
18619 1757800330275751 13
17798 1757800330275753 14
19891 1757800330275755 15
18318 1757800330275757 16
21063 1757800330275759 17
19748 1757800330275761 18
20637 1757800330275763 19
17732 1757800330275764 20
19511 1757800330275765 21
19158 1757800330275766 22
20487 1757800330275767 23
19336 1757800330275768 24
