NAT Pattern Analysis Results
===========================

Timestamp: 1757842248
Measurements: 40
Target: 74.125.250.129:19302

Port Sequence:
19278,17929,21123,18376,19221,17680,19454,18835,21262,18371,17706,18319,18806,17673,20426,17535,
21300,18363,20456,18459,19368,18047,18502,18581,19558,19179,18120,19487,19020,20915,18512,19547,
19068,18299,18320,20711,19762,17669,20778,17513

Raw Data (port timestamp_us sequence_number):
19278 1757842248669198 0
17929 1757842248669224 1
21123 1757842248669226 2
18376 1757842248672406 3
19221 1757842248675721 4
17680 1757842248675737 5
19454 1757842248675742 6
18835 1757842248675746 7
21262 1757842248675750 8
18371 1757842248675753 9
17706 1757842248675757 10
18319 1757842248675760 11
18806 1757842248675762 12
17673 1757842248675766 13
20426 1757842248675770 14
17535 1757842248675773 15
21300 1757842248675776 16
18363 1757842248675801 17
20456 1757842248675805 18
18459 1757842248675808 19
19368 1757842248675812 20
18047 1757842248675812 21
18502 1757842248683133 22
18581 1757842248683138 23
19558 1757842248683545 24
19179 1757842248683976 25
18120 1757842248683977 26
19487 1757842248683979 27
19020 1757842248683979 28
20915 1757842248683980 29
18512 1757842248683997 30
19547 1757842248683998 31
19068 1757842248683999 32
18299 1757842248684000 33
18320 1757842248684085 34
20711 1757842248684085 35
19762 1757842248684086 36
17669 1757842248684087 37
20778 1757842248684092 38
17513 1757842248684093 39
