NAT Pattern Analysis Results
===========================

Timestamp: 1757799899
Measurements: 25
Target: 74.125.250.129:19302

Port Sequence:
21244,20019,19946,19411,20184,20335,17852,20294,17532,18982,18578,20861,20464,18619,17798,19891,
18318,21063,19748,20637,17732,19511,19158,20487,19336

Raw Data (port timestamp_us sequence_number):
21244 1757799899701727 0
20019 1757799899701931 1
19946 1757799899701934 2
19411 1757799899701937 3
20184 1757799899701939 4
20335 1757799899701941 5
17852 1757799899701942 6
20294 1757799899701945 7
17532 1757799899701946 8
18982 1757799899701948 9
18578 1757799899701950 10
20861 1757799899701952 11
20464 1757799899701954 12
18619 1757799899701956 13
17798 1757799899701957 14
19891 1757799899701959 15
18318 1757799899701961 16
21063 1757799899701962 17
19748 1757799899701964 18
20637 1757799899701966 19
17732 1757799899701972 20
19511 1757799899701973 21
19158 1757799899701973 22
20487 1757799899701975 23
19336 1757799899701975 24
