NAT Pattern Analysis Results
===========================

Timestamp: 1757799880
Measurements: 25
Target: 74.125.250.129:19302

Port Sequence:
20916,20465,17774,17529,17522,17625,18155,17526,18390,18449,17632,19117,17538,20459,19688,20271,
20592,19623,21022,18523,20094,20723,19906,20009,17512

Raw Data (port timestamp_us sequence_number):
20916 1757799880231859 0
20465 1757799880231957 1
17774 1757799880231972 2
17529 1757799880231980 3
17522 1757799880231987 4
17625 1757799880231994 5
18155 1757799880232133 6
17526 1757799880232154 7
18390 1757799880232163 8
18449 1757799880232171 9
17632 1757799880232179 10
19117 1757799880232188 11
17538 1757799880232197 12
20459 1757799880232205 13
19688 1757799880232215 14
20271 1757799880232228 15
20592 1757799880232237 16
19623 1757799880232246 17
21022 1757799880232254 18
18523 1757799880232264 19
20094 1757799880232274 20
20723 1757799880232277 21
19906 1757799880232279 22
20009 1757799880232282 23
17512 1757799880232284 24
