NAT Pattern Analysis Results
===========================

Timestamp: 1757801567
Measurements: 175
Target: 74.125.250.129:19302

Port Sequence:
18937,19284,20663,21047,17517,21190,17928,20013,17645,19144,18578,20861,20464,18619,17798,19891,
18318,21063,19748,20637,17732,19511,19158,20487,19336,18763,19294,18063,17600,20055,17730,17857,
21188,17865,21334,19549,21224,19619,19548,19875,18622,17535,21050,17969,17560,18299,19488,20213,
19684,18969,19164,18871,20284,20409,18668,18921,18038,17967,21144,20203,18448,17643,18252,21179,
18866,20567,18396,17767,20894,19417,19170,19581,17562,19585,18208,18841,18802,20303,18772,20773,
19880,19609,17512,19027,20854,20595,20288,20603,17524,17907,17834,17735,17816,20841,20334,19221,
20994,20375,20654,19669,20912,20717,19634,18301,19346,18809,18560,18501,20660,21293,19460,18897,
20928,18591,19016,19899,19728,18994,17768,18861,19291,19433,18804,20035,20147,18833,19942,19819,
21140,20616,21221,20500,17675,18174,18597,18968,20745,18256,20825,20594,19837,18319,19918,20403,
21200,21007,18456,18343,18210,17565,17537,17507,18303,20789,18042,18178,20726,21095,19467,18104,
18769,18788,18490,20439,21375,18360,18684,17800,17534,20667,18703,19783,19525,19749,18978

Raw Data (port timestamp_us sequence_number):
18937 1757800553781600 0
19284 1757800553781641 1
20663 1757800553781644 2
21047 1757800553781647 3
17517 1757800553781650 4
21190 1757800553781653 5
17928 1757800553781655 6
20013 1757800553781658 7
17645 1757800553781660 8
19144 1757800553781662 9
18578 1757800553782352 10
20861 1757800553782362 11
20464 1757800553782365 12
18619 1757800553782367 13
17798 1757800553782370 14
19891 1757800553782372 15
18318 1757800553782374 16
21063 1757800553782375 17
19748 1757800553782378 18
20637 1757800553782380 19
17732 1757800553782382 20
19511 1757800553782778 21
19158 1757800553782780 22
20487 1757800553782782 23
19336 1757800553782783 24
18763 1757800553786731 25
19294 1757800553786734 26
18063 1757800553786735 27
17600 1757800553786736 28
20055 1757800553786737 29
17730 1757800553786751 30
17857 1757800553786752 31
21188 1757800553786752 32
17865 1757800553786753 33
21334 1757800553789719 34
19549 1757800553789722 35
21224 1757800553789723 36
19619 1757800553789724 37
19548 1757800553789725 38
19875 1757800553789726 39
18622 1757800553789736 40
17535 1757800553789738 41
21050 1757800553789738 42
17969 1757800553790536 43
17560 1757800553790538 44
18299 1757800553792180 45
19488 1757800553792957 46
20213 1757800553792960 47
19684 1757800553792961 48
18969 1757800553792963 49
19164 1757800553792987 50
18871 1757800553792988 51
20284 1757800553792990 52
20409 1757800553794653 53
18668 1757800553794662 54
18921 1757800553794666 55
18038 1757800553794670 56
17967 1757800553794672 57
21144 1757800553795771 58
20203 1757800553795775 59
18448 1757800553795799 60
17643 1757800553795801 61
18252 1757800553795802 62
21179 1757800553796998 63
18866 1757800553797000 64
20567 1757800553797719 65
18396 1757800553797720 66
17767 1757800553797721 67
20894 1757800553798934 68
19417 1757800553798935 69
19170 1757800553799179 70
19581 1757800553799181 71
17562 1757800553799182 72
19585 1757800553799183 73
18208 1757800553799184 74
18841 1757800553799185 75
18802 1757800553799185 76
20303 1757800553799186 77
18772 1757800553799187 78
20773 1757800553799188 79
19880 1757800553799194 80
19609 1757800553799194 81
17512 1757800553799195 82
19027 1757800553799196 83
20854 1757800553800609 84
20595 1757800553800611 85
20288 1757800553800612 86
20603 1757800553800613 87
17524 1757800553807300 88
17907 1757800553807303 89
17834 1757800553807320 90
17735 1757800553807320 91
17816 1757800553807321 92
20841 1757800553807322 93
20334 1757800553807323 94
19221 1757800553809471 95
20994 1757800553809545 96
20375 1757800553809546 97
20654 1757800553809547 98
19669 1757800553809548 99
20912 1757800553809556 100
20717 1757800553809556 101
19634 1757800553809558 102
18301 1757800553809558 103
19346 1757800553809559 104
18809 1757800553809560 105
18560 1757800553809564 106
18501 1757800553809565 107
20660 1757800553809566 108
21293 1757800553809567 109
19460 1757800553809569 110
18897 1757800553810792 111
20928 1757800553810798 112
18591 1757800553811937 113
19016 1757800553811950 114
19899 1757800553811952 115
19728 1757800553811953 116
18994 1757800562849758 117
17768 1757800583906756 118
18861 1757800595937586 119
19291 1757800616994613 120
19433 1757800668129788 121
18804 1757800692193845 122
20035 1757800704225611 123
20147 1757800731297806 124
18833 1757800782433679 125
19942 1757800812513552 126
19819 1757800830561852 127
21140 1757800854626565 128
20616 1757800887713677 129
21221 1757800905761711 130
20500 1757800905761719 131
17675 1757800947873814 132
18174 1757800953889717 133
18597 1757800953889725 134
18968 1757800953889729 135
20745 1757800953889732 136
18256 1757800953889737 137
20825 1757800953889740 138
20594 1757800953889744 139
19837 1757800953889794 140
18319 1757800956897583 141
19918 1757800956897585 142
20403 1757800956897586 143
21200 1757800956897587 144
21007 1757800956897589 145
18456 1757800956897590 146
18343 1757800956897591 147
18210 1757800956897592 148
17565 1757800956897593 149
17537 1757800965922718 150
17507 1757801011041689 151
18303 1757801014050696 152
20789 1757801065185662 153
18042 1757801113313617 154
18178 1757801116321664 155
20726 1757801137377657 156
21095 1757801161441834 157
19467 1757801164449725 158
18104 1757801188513595 159
18769 1757801194529682 160
18788 1757801194529690 161
18490 1757801215585657 162
20439 1757801227617628 163
21375 1757801260705620 164
18360 1757801272737839 165
18684 1757801317857834 166
17800 1757801362977673 167
17534 1757801378017721 168
20667 1757801402081666 169
18703 1757801405089825 170
19783 1757801432161805 171
19525 1757801477281617 172
19749 1757801480289628 173
18978 1757801516385607 174
