NAT Pattern Analysis Results
===========================

Timestamp: 1757799976
Measurements: 25
Target: 74.125.250.129:19302

Port Sequence:
19811,18704,19898,18647,20968,20812,18008,18172,18518,18778,18578,20861,20464,18619,17798,19891,
18318,21063,19748,20637,17732,19511,19158,20487,19336

Raw Data (port timestamp_us sequence_number):
19811 1757799976400324 0
18704 1757799976400368 1
19898 1757799976400375 2
18647 1757799976400380 3
20968 1757799976400385 4
20812 1757799976400390 5
18008 1757799976400395 6
18172 1757799976400401 7
18518 1757799976400642 8
18778 1757799976400663 9
18578 1757799976400670 10
20861 1757799976400676 11
20464 1757799976400681 12
18619 1757799976400686 13
17798 1757799976400690 14
19891 1757799976400694 15
18318 1757799976400699 16
21063 1757799976400704 17
19748 1757799976400709 18
20637 1757799976400713 19
17732 1757799976400726 20
19511 1757799976400728 21
19158 1757799976400730 22
20487 1757799976400732 23
19336 1757799976400734 24
