NAT Pattern Analysis Results
===========================

Timestamp: 1757842143
Measurements: 25
Target: 74.125.250.129:19302

Port Sequence:
20715,19728,19298,18154,18766,19393,20417,19967,19663,21087,20204,19999,20708,20387,19636,19971,
19782,18581,20356,18593,17668,18543,18812,19583,18432

Raw Data (port timestamp_us sequence_number):
20715 1757842143265950 0
19728 1757842143265993 1
19298 1757842143266192 2
18154 1757842143266233 3
18766 1757842143266623 4
19393 1757842143266646 5
20417 1757842143266653 6
19967 1757842143266659 7
19663 1757842143266664 8
21087 1757842143266669 9
20204 1757842143266674 10
19999 1757842143266678 11
20708 1757842143266683 12
20387 1757842143266688 13
19636 1757842143266693 14
19971 1757842143266699 15
19782 1757842143266704 16
18581 1757842143266709 17
20356 1757842143266714 18
18593 1757842143266719 19
17668 1757842143266724 20
18543 1757842143266727 21
18812 1757842143266729 22
19583 1757842143266731 23
18432 1757842143266734 24
