NAT Pattern Analysis Results
===========================

Timestamp: 1757800068
Measurements: 25
Target: 74.125.250.129:19302

Port Sequence:
19238,19131,18559,17537,17864,19363,17528,17803,20282,20553,18578,20861,20464,18619,17798,19891,
18318,21063,19748,20637,17732,19511,19158,20487,19336

Raw Data (port timestamp_us sequence_number):
19238 1757800068495917 0
19131 1757800068496476 1
18559 1757800068496494 2
17537 1757800068496506 3
17864 1757800068496514 4
19363 1757800068496523 5
17528 1757800068496532 6
17803 1757800068496538 7
20282 1757800068496545 8
20553 1757800068496555 9
18578 1757800068496562 10
20861 1757800068496568 11
20464 1757800068496578 12
18619 1757800068496585 13
17798 1757800068496595 14
19891 1757800068496602 15
18318 1757800068496611 16
21063 1757800068496617 17
19748 1757800068496626 18
20637 1757800068496636 19
17732 1757800068496644 20
19511 1757800068496647 21
19158 1757800068496649 22
20487 1757800068496652 23
19336 1757800068496655 24
