NAT Pattern Analysis Results
===========================

Timestamp: 1757804121
Measurements: 23
Target: 74.125.250.129:19302

Port Sequence:
17710,20513,19579,19312,18053,19731,20305,20325,19041,19774,20199,18412,19353,21366,19333,18422,
19699,21134,21103,18164,20381,20078,18518

Raw Data (port timestamp_us sequence_number):
17710 1757804115166382 0
20513 1757804115166636 1
19579 1757804118187718 2
19312 1757804118187771 3
18053 1757804118187779 4
19731 1757804118187785 5
20305 1757804118187792 6
20325 1757804118187798 7
19041 1757804118187804 8
19774 1757804118187810 9
20199 1757804118187817 10
18412 1757804118187823 11
19353 1757804118187829 12
21366 1757804118187835 13
19333 1757804118187841 14
18422 1757804118187847 15
19699 1757804118187853 16
21134 1757804118187858 17
21103 1757804118187865 18
18164 1757804118187877 19
20381 1757804118187883 20
20078 1757804118187885 21
18518 1757804121196418 22
