NAT Pattern Analysis Results
===========================

Timestamp: 1757799998
Measurements: 25
Target: 74.125.250.129:19302

Port Sequence:
20024,21375,19680,21190,17686,20419,19728,20784,17772,19282,18578,20861,20464,18619,17798,19891,
18318,21063,19748,20637,17732,19511,19158,20487,19336

Raw Data (port timestamp_us sequence_number):
20024 1757799998909430 0
21375 1757799998914081 1
19680 1757799998914100 2
21190 1757799998914103 3
17686 1757799998914104 4
20419 1757799998914107 5
19728 1757799998914108 6
20784 1757799998914110 7
17772 1757799998914111 8
19282 1757799998914113 9
18578 1757799998917678 10
20861 1757799998917688 11
20464 1757799998917691 12
18619 1757799998917693 13
17798 1757799998917694 14
19891 1757799998917696 15
18318 1757799998917698 16
21063 1757799998918278 17
19748 1757799998918285 18
20637 1757799998918288 19
17732 1757799998918290 20
19511 1757799998918291 21
19158 1757799998918292 22
20487 1757799998918750 23
19336 1757799998918753 24
