NAT Pattern Analysis Results
===========================

Timestamp: 1757800375
Measurements: 25
Target: 74.125.250.129:19302

Port Sequence:
17639,20855,19277,20398,19618,18933,18450,21243,18486,20437,18578,20861,20464,18619,17798,19891,
18318,21063,19748,20637,17732,19511,19158,20487,19336

Raw Data (port timestamp_us sequence_number):
17639 1757800375754006 0
20855 1757800375754024 1
19277 1757800375754027 2
20398 1757800375754267 3
19618 1757800375754275 4
18933 1757800375754278 5
18450 1757800375759050 6
21243 1757800375759082 7
18486 1757800375759085 8
20437 1757800375759087 9
18578 1757800375760327 10
20861 1757800375760337 11
20464 1757800375760339 12
18619 1757800375760341 13
17798 1757800375760343 14
19891 1757800375760345 15
18318 1757800375760346 16
21063 1757800375760348 17
19748 1757800375760350 18
20637 1757800375760351 19
17732 1757800375760353 20
19511 1757800375760354 21
19158 1757800375760355 22
20487 1757800375760356 23
19336 1757800375760357 24
