NAT Pattern Analysis Results
===========================

Timestamp: 1757800444
Measurements: 25
Target: 74.125.250.129:19302

Port Sequence:
20107,21232,21099,20054,21056,19535,19866,18199,17556,18142,18578,20861,20464,18619,17798,19891,
18318,21063,19748,20637,17732,19511,19158,20487,19336

Raw Data (port timestamp_us sequence_number):
20107 1757800444266927 0
21232 1757800444266944 1
21099 1757800444266948 2
20054 1757800444266951 3
21056 1757800444266954 4
19535 1757800444266955 5
19866 1757800444266957 6
18199 1757800444267793 7
17556 1757800444270028 8
18142 1757800444270035 9
18578 1757800444270037 10
20861 1757800444270039 11
20464 1757800444270041 12
18619 1757800444270042 13
17798 1757800444270044 14
19891 1757800444270045 15
18318 1757800444270047 16
21063 1757800444270048 17
19748 1757800444270050 18
20637 1757800444270052 19
17732 1757800444270054 20
19511 1757800444270054 21
19158 1757800444270055 22
20487 1757800444270056 23
19336 1757800444270057 24
