NAT Pattern Analysis Results
===========================

Timestamp: 1757842467
Measurements: 40
Target: 74.125.250.129:19302

Port Sequence:
20694,19532,19740,18570,19465,18228,18125,20413,20995,18059,19828,20647,19986,19783,19556,19947,
18410,18109,20604,20545,18054,18137,18596,20989,17670,19095,17818,18151,20292,18913,17510,19307,
18846,17603,21270,20099,20268,20701,19812,21071

Raw Data (port timestamp_us sequence_number):
20694 1757842467478379 0
19532 1757842467478446 1
19740 1757842467478624 2
18570 1757842467478638 3
19465 1757842467478647 4
18228 1757842467478652 5
18125 1757842467479477 6
20413 1757842467479493 7
20995 1757842467480528 8
18059 1757842467482738 9
19828 1757842467482755 10
20647 1757842467482761 11
19986 1757842467482765 12
19783 1757842467482773 13
19556 1757842467482777 14
19947 1757842467482782 15
18410 1757842467482787 16
18109 1757842467482793 17
20604 1757842467482799 18
20545 1757842467482805 19
18054 1757842467482810 20
18137 1757842467482812 21
18596 1757842467482814 22
20989 1757842467482815 23
17670 1757842467482817 24
19095 1757842467482819 25
17818 1757842467482820 26
18151 1757842467482822 27
20292 1757842467482824 28
18913 1757842467482825 29
17510 1757842467482832 30
19307 1757842467482834 31
18846 1757842467482836 32
17603 1757842467482837 33
21270 1757842467482839 34
20099 1757842467482840 35
20268 1757842467482842 36
20701 1757842467482844 37
19812 1757842467487113 38
21071 1757842467487122 39
