NAT Pattern Analysis Results
===========================

Timestamp: 1757799944
Measurements: 25
Target: 74.125.250.129:19302

Port Sequence:
20073,18556,17668,18176,19550,18710,20740,18714,21340,17865,18578,20861,20464,18619,17798,19891,
18318,21063,19748,20637,17732,19511,19158,20487,19336

Raw Data (port timestamp_us sequence_number):
20073 1757799944190320 0
18556 1757799944190453 1
17668 1757799944190470 2
18176 1757799944190473 3
19550 1757799944190475 4
18710 1757799944190477 5
20740 1757799944190479 6
18714 1757799944190481 7
21340 1757799944190483 8
17865 1757799944190485 9
18578 1757799944190653 10
20861 1757799944190661 11
20464 1757799944190666 12
18619 1757799944190669 13
17798 1757799944190671 14
19891 1757799944190674 15
18318 1757799944190676 16
21063 1757799944190691 17
19748 1757799944190694 18
20637 1757799944190696 19
17732 1757799944190698 20
19511 1757799944190699 21
19158 1757799944190700 22
20487 1757799944190700 23
19336 1757799944190701 24
