NAT Pattern Analysis Results
===========================

Timestamp: 1757800358
Measurements: 25
Target: 74.125.250.129:19302

Port Sequence:
20812,20398,18957,18290,20426,20984,19588,17524,20140,18384,18578,20861,20464,18619,17798,19891,
18318,21063,19748,20637,17732,19511,19158,20487,19336

Raw Data (port timestamp_us sequence_number):
20812 1757800358506686 0
20398 1757800358506706 1
18957 1757800358506708 2
18290 1757800358506710 3
20426 1757800358506712 4
20984 1757800358506713 5
19588 1757800358506715 6
17524 1757800358511438 7
20140 1757800358511638 8
18384 1757800358511648 9
18578 1757800358511651 10
20861 1757800358511655 11
20464 1757800358511660 12
18619 1757800358511663 13
17798 1757800358511667 14
19891 1757800358511671 15
18318 1757800358511674 16
21063 1757800358511682 17
19748 1757800358511685 18
20637 1757800358511689 19
17732 1757800358511691 20
19511 1757800358511692 21
19158 1757800358511696 22
20487 1757800358511697 23
19336 1757800358511705 24
